f_1,f_2,f_3,f_4,f_5,f_7,f_8,f_9,f_10,f_11,f_12,f_14,f_15,f_17,f_19,f_22,f_26,f_27,f_28,f_29,f_30,f_31,f_32,f_33,f_37,f_38,f_39,f_41,f_42,f_45,f_46,f_47,f_48
24,61,22.0,465.15,88,48.1,13.42,3128.0,0.28,158.0,0.24,0.41,0.22,21.64,0.35,47.66,0.97,4.66,0.52,3.13,-2.13,-0.24,1.09,0.0,0.0,19.8,99,1080.0,630.0,2.88,0,5989.12,65.95
52,66,1563.39,1750.32,34,35.11,6.47,2060.0,0.18,80.1,0.22,0.7,0.19,40.56,2.03,75.26,0.18,9.24,0.21,2.3,-2.77,-0.54,2.16,0.0,0.0,25.72,78,901.39,250.0,7.02,0,4082.96,66.41
89,56,1208.68,1824.79,9,39.32,7.6,1960.0,0.19,71.4,0.23,0.52,0.14,92.08,0.9,85.22,1.01,12.06,1.26,5.01,-2.95,-0.63,2.16,0.0,0.01,27.44,85,657.65,304.14,4.61,0,9964.52,66.34
136,103,844.54,971.42,90,42.71,5.48,2940.0,0.13,87.6,0.16,0.35,0.09,195.78,0.98,85.22,1.01,12.06,0.18,4.37,-2.85,-0.41,2.17,0.0,0.01,33.57,85,850.0,450.0,3.85,0,3670.84,65.9
142,16,6.19,509.25,73,55.81,9.17,1228.0,0.16,105.5,0.24,0.3,0.23,25.34,0.37,55.85,0.87,5.07,0.98,4.05,-0.67,-0.25,1.09,0.0,0.0,11.64,82,569.21,201.25,4.61,0,3807.97,66.01
11,173,239.32,1410.4,152,24.06,6.45,2213.5,0.27,109.9,0.49,1.01,0.46,24.12,0.15,126.08,-0.53,3.01,1.24,6.48,-5.09,-0.85,2.91,0.0,0.01,20.14,133,0.0,0.0,0.0,0,15072.37,36.17
48,56,1726.89,1789.38,43,35.96,6.39,2140.0,0.18,65.4,0.28,0.44,0.2,19.87,2.08,75.26,0.18,9.24,0.08,2.27,-3.33,-0.42,2.16,0.0,0.01,32.71,78,1063.01,141.42,21.87,1,6875.4,66.45
88,15,84.53,438.4,64,50.47,10.38,1191.0,0.21,102.0,0.27,0.35,0.19,16.64,0.34,55.85,0.87,5.07,0.99,4.51,-1.81,-0.25,1.09,0.0,0.0,11.67,82,569.21,180.0,6.32,0,2276.28,65.94
106,116,780.74,1650.5,106,36.33,9.36,3380.0,0.26,85.8,0.22,0.43,0.17,25.48,2.1,75.26,0.18,9.24,0.21,2.98,-2.36,-0.26,2.16,0.0,0.01,39.39,78,1298.08,316.23,7.41,0,11823.49,66.25
39,65,59.12,1234.18,155,23.43,7.83,1741.5,0.33,52.5,0.46,0.74,0.38,9.82,0.63,123.47,-0.71,2.96,1.47,5.96,-6.23,-1.21,2.91,0.0,0.02,33.18,143,788.39,167.71,10.74,0,10051.15,36.03
84,367,23.64,1673.75,51,43.03,3.6,6720.0,0.08,136.5,0.08,0.14,0.05,443.56,2.48,75.26,0.18,9.24,0.61,3.6,-1.59,-0.33,2.16,0.0,0.0,49.22,78,992.47,1030.78,1.29,0,30931.68,66.15
231,129,1190.9,374.55,62,31.4,7.59,4030.0,0.24,80.0,0.29,0.65,0.15,29.88,0.57,67.87,1.83,14.78,-0.41,2.92,-3.99,-0.2,1.96,0.0,0.01,50.36,64,1253.0,335.41,7.8,0,6648.87,65.66
178,11,102.09,335.27,66,52.64,5.61,794.0,0.11,112.2,0.21,0.3,0.21,43.21,0.35,55.85,0.87,5.07,-0.05,1.56,-1.68,-0.37,1.1,0.0,0.0,7.08,82,402.49,180.0,3.58,0,2974.98,65.81
197,10,26.0,123.2,64,58.8,11.33,794.0,0.19,102.0,0.18,0.28,0.25,37.36,0.39,55.85,0.87,5.07,0.89,3.59,-0.92,-0.37,1.11,0.0,0.01,7.78,82,402.49,180.0,4.47,0,7162.29,65.5
3,2339,1537.68,1633.02,45,38.13,9.29,22110.0,0.24,264.5,0.21,0.79,0.08,89.49,2.2,75.26,0.18,9.24,0.27,4.21,-2.84,-0.29,2.16,0.0,0.0,83.6,78,3959.8,2404.16,2.59,0,4732.04,66.34
15,359,935.14,1054.81,96,38.08,8.33,7140.0,0.22,125.7,0.17,0.5,0.1,100.74,0.87,85.22,1.01,12.06,0.02,5.09,-3.05,-0.38,2.17,0.0,0.0,56.8,85,1557.24,806.23,3.37,0,3311.81,65.95
42,33,160.24,512.55,130,48.09,13.21,2080.0,0.28,128.5,0.25,0.49,0.23,19.36,0.35,47.66,0.97,4.66,0.46,2.4,-2.84,-0.27,1.22,0.0,0.0,16.19,99,774.21,254.56,4.73,0,7358.48,66.07
60,17,534.35,656.94,136,71.76,21.29,1339.0,0.3,102.8,0.27,0.33,0.2,19.75,1.08,69.09,0.18,3.83,0.1,3.03,-2.25,-0.34,1.09,0.0,0.0,13.02,102,509.12,127.28,16.0,0,27574.13,66.4
41,30,2.23,520.4,89,41.63,19.66,2292.0,0.47,106.0,0.56,0.96,0.34,7.28,0.28,55.85,0.87,5.07,0.17,1.81,0.92,-0.17,1.09,0.0,0.0,21.62,82,990.0,270.0,6.72,0,4026.42,66.02
127,14,24.07,545.79,74,53.79,8.4,974.0,0.16,116.4,0.25,0.36,0.25,26.28,0.36,55.85,0.87,5.07,0.59,2.74,-0.9,-0.3,1.09,0.0,0.0,8.37,82,484.66,180.0,3.85,0,3484.45,66.06
